500 500
100 280 400 280
400 280 400 215
360 215 440 215
360 215 360 165
440 215 440 165
360 165 440 165
385 190 385 190
415 190 415 190
400 165 400 88
400 88 250 88
250 88 250 170
250 150 100 150
100 100 100 280
100 100 25 100
25 100 25 155
25 155 80 155
80 155 80 125
80 125 45 125
300 126 330 126
300 126 300 156
330 126 330 156
300 156 330 156
100 280 100 345
150 280 150 345
100 345 150 345
100 320 150 320
125 320 125 345
350 280 350 345
400 280 400 345
350 345 400 345
350 320 400 320
375 320 375 345
360 205 340 205
340 205 340 195